num,y,x01,x02,x03,x04,x05,x06,x07,x08,x09,x10,x11,x12,x13,x14,x15,x16,x17,x18,x19,x20,x21,x22
184,0,1,1,0,0,0,1,0,0,0,1,1,1,0,0,0,1,0,0,0,0,0,0
60,1,0,1,1,0,0,0,1,0,0,0,0,1,1,0,0,0,1,0,0,0,0,1
174,0,0,0,1,1,0,0,0,1,1,0,0,0,1,1,0,0,0,0,0,0,1,0
222,1,1,0,1,1,1,0,0,1,1,1,0,0,1,1,1,0,0,0,0,0,1,0
257,0,0,0,0,0,0,0,0,0,0,0,0,0,0,0,0,0,0,0,0,0,0,0
186,0,1,0,1,0,1,0,0,1,1,0,0,0,0,1,0,1,0,0,0,0,0,0
22,1,1,0,1,1,1,1,1,1,1,1,1,1,1,1,1,0,0,1,0,1,1,1
258,0,0,0,1,0,0,0,0,1,0,0,0,0,0,0,0,0,0,0,0,0,0,0
141,1,0,1,1,1,0,1,1,1,1,0,1,0,1,1,1,1,0,0,0,1,1,1
217,1,1,0,1,1,1,0,0,0,0,1,0,0,1,1,0,1,0,0,0,1,1,1
13,1,0,0,0,0,0,1,0,1,0,0,0,0,1,0,0,0,0,1,0,0,0,1
218,1,0,0,0,0,0,0,0,0,0,0,0,0,0,0,0,0,0,0,0,0,0,0
82,1,0,1,1,1,0,1,0,0,1,0,1,1,1,1,0,1,1,1,0,0,1,1
176,0,0,0,0,0,0,0,0,0,1,0,0,0,0,1,0,0,0,0,1,0,0,1
238,0,0,0,0,1,0,0,0,0,1,0,0,0,0,0,1,0,0,0,0,1,0,1
143,1,1,1,1,1,1,1,1,1,1,1,1,1,1,0,1,1,0,0,1,1,1,1
16,1,1,0,1,0,1,0,0,1,0,1,0,0,1,0,0,0,0,1,0,0,1,0
207,1,1,0,0,0,1,0,0,0,0,1,0,0,1,0,0,0,0,0,0,1,0,0
151,1,0,0,1,0,0,0,0,1,0,0,0,0,1,0,0,0,0,0,0,0,1,1
150,1,1,0,0,0,1,0,0,1,1,1,0,0,1,1,0,1,0,0,1,1,0,0
213,1,0,0,0,0,0,0,1,0,0,0,0,1,0,0,0,1,0,0,0,0,0,0
153,1,1,1,1,0,1,0,1,1,0,1,0,1,1,0,0,0,0,0,0,0,1,0
106,1,1,0,0,0,0,0,0,1,0,1,0,0,1,0,0,0,0,0,0,0,0,1
65,1,0,0,0,0,0,0,0,0,0,0,0,0,0,0,0,0,0,0,0,1,0,0
197,1,0,1,0,0,0,0,1,1,0,0,1,0,0,0,0,0,0,0,0,0,0,0
234,0,0,0,0,0,0,0,0,0,0,0,0,1,1,0,0,0,0,0,0,1,0,0
91,1,0,0,0,1,0,0,0,0,1,0,0,0,1,1,1,1,0,0,1,1,0,0
195,1,0,0,1,0,0,0,0,1,0,0,0,0,1,0,0,0,0,0,0,0,0,1
188,1,0,0,0,1,0,0,0,1,1,0,0,0,1,1,0,0,0,0,0,0,0,0
240,0,0,0,0,0,0,0,0,0,0,0,0,0,0,0,0,0,0,0,0,0,0,0
107,1,1,0,0,0,1,1,0,0,0,1,1,0,0,0,0,0,0,0,1,0,0,0
9,1,0,0,0,0,0,0,0,1,0,0,0,0,1,0,0,0,0,0,0,0,0,0
208,1,0,0,0,0,0,0,1,0,0,0,1,1,1,0,0,0,0,0,0,0,1,1
21,1,1,0,0,0,1,0,0,0,0,1,0,0,0,0,0,1,0,1,0,1,0,0
84,1,1,1,1,1,1,1,0,1,1,1,1,1,1,1,1,1,0,1,1,1,1,1
76,1,0,0,1,0,0,0,1,1,0,0,0,1,1,0,0,0,0,1,1,0,1,1
179,0,0,0,0,0,0,0,0,0,0,0,0,0,0,0,0,0,0,0,0,0,0,0
5,1,0,0,1,0,0,0,0,1,0,0,1,0,1,1,0,1,0,0,0,0,0,1
185,0,1,0,1,0,1,0,0,1,0,0,0,0,1,0,1,1,0,0,0,0,0,0
245,0,1,1,1,0,1,0,1,1,1,1,1,0,0,1,0,1,0,0,1,0,1,0
138,1,1,1,0,1,1,0,0,1,1,1,0,1,0,0,1,1,0,0,0,1,1,0
216,1,0,0,0,0,0,0,0,0,0,0,0,0,0,0,0,0,0,0,0,0,0,1
230,0,0,0,0,0,0,0,0,0,1,0,0,0,0,1,0,0,0,0,0,0,0,0
237,0,0,0,0,0,0,0,0,0,0,0,0,0,0,0,0,0,0,0,0,1,0,0
85,1,1,1,1,1,1,1,0,0,1,1,0,1,0,1,1,1,0,0,1,1,0,0
115,1,0,0,0,0,0,0,0,0,0,0,0,0,0,0,0,0,0,0,0,0,0,0
205,1,0,0,0,0,0,0,1,0,0,0,0,0,0,0,0,0,0,0,0,0,0,1
252,0,0,0,0,0,0,0,0,0,0,0,0,0,0,0,0,0,0,0,0,0,0,0
265,0,1,0,0,0,1,0,0,0,0,1,0,0,0,0,0,0,0,0,1,0,0,0
122,1,1,0,0,0,1,0,0,0,0,1,0,0,0,0,0,0,0,0,0,0,0,0
206,1,1,0,1,0,1,0,1,1,0,1,0,1,1,0,0,0,1,0,0,1,1,0
200,1,1,0,0,0,1,0,0,0,0,1,0,0,1,0,0,0,0,0,0,0,1,1
180,0,0,0,0,0,1,0,0,0,0,1,0,0,0,0,0,0,0,0,1,0,0,0
226,1,1,0,0,0,1,0,0,0,0,1,0,0,0,0,0,0,0,0,1,0,0,0
231,0,0,0,0,1,0,0,0,0,0,0,0,0,0,0,0,0,0,0,0,0,0,0
181,0,0,0,1,1,0,0,0,1,1,0,0,0,0,0,0,0,0,0,0,1,0,0
116,1,0,0,1,0,1,0,0,1,1,1,0,0,1,0,0,0,0,0,0,0,0,0
161,1,0,1,0,0,0,0,0,0,0,0,0,0,1,1,0,0,1,0,0,1,0,0
135,1,1,0,0,0,1,1,0,0,1,1,1,0,0,1,0,0,0,0,0,0,0,0
113,1,1,0,0,0,1,0,0,0,0,0,0,0,0,1,0,1,0,0,0,0,0,0
199,1,1,1,0,0,1,1,1,0,1,1,1,1,0,1,0,0,1,0,1,1,0,0
193,1,0,0,0,1,0,0,0,0,1,0,0,0,1,1,0,1,0,0,0,1,0,1
162,1,1,0,1,1,1,1,1,1,0,0,1,1,1,1,1,0,1,0,0,0,1,1
196,1,0,0,1,0,0,0,1,1,0,0,0,0,1,0,1,0,0,0,0,0,1,1
214,1,0,0,0,1,0,0,1,0,1,0,0,1,0,1,0,0,0,0,0,0,1,0
170,1,1,1,1,0,1,1,0,0,0,1,1,0,0,0,0,1,0,0,0,1,0,0
201,1,0,1,0,0,0,0,1,0,0,0,0,1,0,0,0,1,0,1,0,0,1,1
249,0,0,0,0,0,0,0,0,0,0,0,0,0,0,0,0,0,0,0,0,0,0,0
267,0,1,0,0,0,1,0,0,0,0,0,0,0,0,0,0,0,0,0,0,0,0,0
233,0,1,0,0,0,1,0,0,0,0,1,0,0,0,0,0,0,0,0,0,0,0,1
63,1,0,1,0,0,1,1,0,0,0,1,1,0,1,0,0,0,0,0,0,0,1,1
81,1,1,0,0,0,1,0,0,1,0,0,0,0,1,1,1,1,1,0,0,1,1,1
145,1,1,0,0,1,1,0,0,0,1,1,0,0,0,1,1,1,0,0,1,1,0,1
228,0,0,0,0,0,0,0,0,0,0,0,0,0,0,0,0,0,0,0,0,0,0,1
262,0,0,0,0,0,0,0,0,0,0,0,0,0,0,0,0,0,0,0,0,0,0,0
167,1,0,0,0,0,0,0,1,0,0,0,0,1,1,0,0,0,1,1,0,0,1,1
246,0,0,0,0,0,0,0,0,0,0,0,0,0,0,0,0,0,0,0,0,0,0,0
215,1,0,0,0,0,0,0,0,0,0,0,0,0,0,0,0,0,0,0,0,1,0,0
140,1,0,0,1,0,0,0,0,1,0,0,0,1,1,0,0,0,0,0,0,0,1,0
134,1,0,0,0,0,0,0,0,1,0,0,0,0,0,0,0,0,0,0,0,0,0,1
168,1,0,1,1,0,0,0,0,0,0,0,0,1,1,0,0,0,0,0,0,0,0,1
128,1,0,0,1,1,0,1,0,0,0,0,1,0,0,1,0,0,0,1,1,1,0,0
124,1,1,0,1,1,1,0,0,1,1,1,0,0,1,1,1,1,0,0,1,1,1,1
251,0,0,0,0,0,0,0,0,0,0,0,0,0,0,0,0,0,0,0,0,0,0,0
192,1,0,0,0,0,0,0,0,1,0,0,0,0,1,0,1,1,0,0,0,0,0,0
154,1,1,1,1,0,0,1,1,1,0,1,1,1,1,0,0,0,1,1,1,1,0,0
1,1,1,0,0,1,1,0,0,0,1,1,0,0,0,1,1,1,0,0,1,1,0,0
24,1,1,1,0,1,1,1,1,0,0,0,1,1,0,0,0,1,1,0,0,1,0,0
40,1,0,1,1,1,0,0,1,1,1,0,0,1,1,1,0,0,0,0,0,0,1,1
77,1,0,1,1,0,0,0,1,1,0,0,0,1,1,0,0,1,1,1,0,1,1,1
54,1,0,0,0,0,0,1,0,0,0,0,1,0,0,0,0,0,0,0,0,1,0,1
114,1,0,0,0,1,0,0,0,0,1,0,0,0,0,0,0,0,1,0,0,0,0,0
132,1,1,0,0,1,0,0,0,0,0,0,0,0,0,0,0,1,0,0,0,0,0,1
31,1,1,1,0,0,1,0,0,1,1,1,1,0,1,1,1,1,0,0,1,1,0,0
160,1,1,1,1,1,1,1,1,1,0,1,1,1,1,0,1,1,1,1,1,1,1,1
264,0,1,0,0,0,1,1,0,0,1,1,0,0,0,1,0,0,0,0,1,1,0,0
75,1,0,0,0,1,0,0,1,1,1,0,0,1,1,1,0,0,1,0,0,0,0,0
165,1,1,0,0,0,0,0,0,0,0,0,0,0,1,1,0,1,0,0,0,0,0,0
125,1,0,0,1,0,0,0,0,1,0,0,0,0,1,0,0,0,0,0,0,0,1,1
164,1,0,0,1,1,0,0,0,1,1,1,0,1,1,1,1,0,0,0,0,0,1,1
